2000 0.994680851064 0.994680851064 5.571164910245766
2001 1.0 1.0 6.400253537883004
2002 1.0 1.0 6.290379011617454
2003 1.0 1.0 6.360531666308179
2004 0.983050847458 0.983050847458 6.294670543636867
2005 0.988805970149 0.988805970149 6.224225128878896
2006 0.99399759904 0.99399759904 6.007092651028569
2007 0.994615384615 0.994615384615 6.274008003219756
2008 0.983269302268 0.983269302268 6.653710156250132
2009 0.971246707638 0.971246707638 7.022700338916812
2010 0.928296607205 0.928296607205 6.890157231827058
2011 0.941382765531 0.941382765531 6.274826173299778
2012 0.974289580514 0.974289580514 5.637061100366717
2013 0.968187526162 0.968187526162 5.586042471865643
2014 0.967629482072 0.967131474104 5.557138129472313
2015 0.975907029478 0.975907029478 5.7955764275437645
2016 0.97817047817 0.97817047817 5.627185437637817
2017 0.97814362759 0.97814362759 5.452048869360796
2018 0.977053541736 0.977053541736 5.624525516100312
