2000 0.976063829787 0.976063829787 3.2849763144643997
2001 1.0 1.0 3.2486998827951052
2002 1.0 1.0 3.453960987102759
2003 1.0 1.0 3.4765356835957735
2004 0.983050847458 0.983050847458 3.2474614621025166
2005 0.990970654628 0.990970654628 3.176424570870337
2006 0.995198079232 0.995198079232 2.971763637377787
2007 0.993846153846 0.993846153846 3.1273187326099072
2008 0.983145371174 0.983145371174 2.8620800965775923
2009 0.970807726076 0.970807726076 3.0321125323540112
2010 0.925848198671 0.925848198671 2.7256749907394515
2011 0.944889779559 0.944889779559 2.4688240792620015
2012 0.970455570591 0.970681100586 2.57464656993563
2013 0.968606111344 0.968606111344 2.4540980587466126
2014 0.964143426295 0.964143426295 2.457766837819177
2015 0.976757369615 0.976757369615 2.490611888754982
2016 0.97843035343 0.97843035343 2.326677223456786
2017 0.97814362759 0.97814362759 2.4021405529651125
