2000 0.984848484848 0.984848484848 3.176819682600128
2001 1.0 1.0 2.796763072256116
2002 0.993079584775 0.993079584775 2.8956233850417483
2003 0.987673343606 0.987673343606 2.9856830538861714
2004 0.996428571429 0.996428571429 2.8884474146371715
2005 1.0 1.0 2.8922475492863717
2006 0.998062015504 0.998062015504 2.89431950079146
2007 0.999025341131 0.999025341131 2.9550615020178066
2008 0.998443579767 0.998443579767 3.0810343438803294
2009 0.998697916667 0.998697916667 2.941458808895556
2010 0.991543340381 0.991543340381 3.0518054899273643
2011 0.993164455167 0.993164455167 3.148631156093296
2012 0.998804780876 0.998804780876 3.085690987784647
2013 0.996842437638 0.996842437638 2.869174102556302
2014 0.997549565605 0.997549565605 2.9015334674966273
2015 0.975915806517 0.975915806517 2.9489393064908547
2016 0.963524531541 0.963524531541 2.918685049753318
2017 0.949609652236 0.949609652236 2.6312796583358793
