2000 0.984848484848 0.984848484848 5.425276947821093
2001 0.990322580645 0.990322580645 5.405173534014491
2002 0.993079584775 0.993079584775 5.6193997486079965
2003 0.993836671803 0.993836671803 5.798999277482925
2004 0.994642857143 0.994642857143 5.519159738536223
2005 0.99710982659 0.99710982659 5.3305623664076185
2006 1.0 1.0 5.447532409357732
2007 0.997076023392 0.997076023392 5.877609137584752
2008 0.9953307393 0.996108949416 5.5244311011211344
2009 0.999348958333 0.999348958333 5.503927640627809
2010 0.991014799154 0.991014799154 5.509810781922543
2011 0.993164455167 0.993164455167 5.6423155308714295
2012 0.997609561753 0.997609561753 5.688586687317029
2013 0.996842437638 0.996842437638 5.616951465172509
2014 0.998886166184 0.998886166184 5.641656248991502
2015 0.999190447278 0.999190447278 5.697172753439477
2016 0.998283507367 0.998283507367 5.509528199933332
2017 0.995599716111 0.995599716111 5.412868817677479
2018 0.992283950617 0.992283950617 5.484422089251227
