2000 0.964539007092 0.964539007092 5.759664769613473
2001 0.952702702703 0.952702702703 6.127084244939758
2002 0.975757575758 0.969696969697 6.273037557413551
2003 0.90206185567 0.90206185567 6.573095240616516
2004 0.839416058394 0.839416058394 7.174502719278597
2005 0.82967032967 0.82967032967 7.335625367135051
2006 0.857142857143 0.857142857143 7.4562737328088975
2007 0.851851851852 0.851851851852 7.593455017849516
2008 0.859447004608 0.859447004608 7.503190770954173
2009 0.823863636364 0.826704545455 7.3188564644543135
2010 0.864795918367 0.864795918367 7.150156203715265
2011 0.938303341902 0.938303341902 6.741084219974145
2012 0.911290322581 0.911290322581 6.714218202637201
2013 0.894150417827 0.894150417827 6.852523274670855
2014 0.927113702624 0.924198250729 6.5105905032816045
2015 0.934545454545 0.934545454545 6.405959398427688
2016 0.959064327485 0.959064327485 5.961620973345353
2017 0.985074626866 0.985074626866 5.502462430690715
2018 0.941605839416 0.941605839416 5.590846305150004
