2000 0.95652173913 0.95652173913 3.016038521716991
2001 0.967741935484 0.967741935484 2.910949553788601
2002 0.921568627451 0.921568627451 4.121399006027117
2003 0.846153846154 0.846153846154 5.353182483788578
2004 0.855813953488 0.855813953488 6.596390490433851
2005 0.884875846501 0.884875846501 6.675692331814677
2006 0.905660377358 0.905660377358 7.0223068682972185
2007 0.952380952381 0.952380952381 6.9507783557346485
2008 0.887912087912 0.887912087912 7.245712189621011
2009 0.844504021448 0.844504021448 7.179735809003877
2010 0.929133858268 0.929133858268 6.585028486628118
2011 0.96335078534 0.96335078534 6.273995510837441
2012 0.94385026738 0.94385026738 6.175931697979057
2013 0.915887850467 0.915887850467 6.390408767985045
2014 0.950310559006 0.950310559006 6.028227538937971
2015 0.979508196721 0.979508196721 5.539543254142211
2016 0.986301369863 0.986301369863 5.947851021664774
2017 0.952380952381 0.952380952381 6.223672913408744
