2000 0.95652173913 0.95652173913 3.6899807662975963
2001 0.967741935484 0.967741935484 3.4075361338919
2002 0.921568627451 0.921568627451 1.1435331399198165
2003 0.846153846154 0.846153846154 2.1584644188752344
2004 0.855813953488 0.855813953488 3.549351285610348
2005 0.844243792325 0.844243792325 3.583139788146228
2006 0.899854862119 0.899854862119 2.710469470027335
2007 0.952380952381 0.952380952381 1.9074207839489439
2008 0.887912087912 0.887912087912 3.2755789004423237
2009 0.844504021448 0.844504021448 3.1088407450623317
2010 0.929133858268 0.929133858268 2.8421195429183883
2011 0.96335078534 0.96335078534 2.0352617719028188
2012 0.94385026738 0.94385026738 1.8444424269656274
2013 0.915887850467 0.915887850467 2.6357134948334444
2014 0.950310559006 0.950310559006 3.215349289256498
2015 0.979508196721 0.979508196721 3.2236949584427776
2016 0.986301369863 0.986301369863 2.2822010461709286
2017 0.952380952381 0.952380952381 1.6081872747920782
