2006  0.994285714286 0.994285714286 6.087475595121365
2007  0.993920972644 0.993920972644 6.457702213020623
2008  0.995327102804 0.995327102804 6.1425816364816965
2009  0.982361653427 0.982361653427 6.710886771344771
2010  0.925816023739 0.926409495549 6.856102656755171
2011  0.930153321976 0.930153321976 6.5108885433449935
2012  0.957420924574 0.957420924574 5.573223566625463
2013  0.978494623656 0.978494623656 5.571845556832569
2014  0.953722334004 0.953722334004 5.675367604436768
2015  0.980276134122 0.980276134122 5.412359815295709
2016  0.977724741448 0.977724741448 5.7001114646051185
2017  0.97976011994 0.97976011994 5.4952480807999216
2018  0.978985838282 0.978985838282 5.523059925764664
