2006  0.994285714286 0.994285714286 3.447197511611476
2007  0.993920972644 0.993920972644 3.325679118474268
2008  0.995327102804 0.995327102804 3.3353283095272652
2009  0.982092365693 0.982092365693 2.9981878723801856
2010  0.921661721068 0.921068249258 3.0297644249801357
2011  0.931005110733 0.931005110733 2.6087588831231407
2012  0.956204379562 0.956204379562 2.662178268851859
2013  0.977777777778 0.977777777778 2.4372558750715445
2014  0.953722334004 0.953722334004 2.579064951699472
2015  0.972386587771 0.972386587771 2.412741500074794
2016  0.977724741448 0.977326968974 2.454600603472253
2017  0.97976011994 0.97976011994 2.4037494187605293
2018  0.977158519872 0.977158519872 2.413975303426873
