"","A","C","G","T"
"0",0,0,0.941176470588235,0.0588235294117647
"1",0,0,0.25,0.75
"2",0,0,0.25,0.75
"3",0,1,0,0
"4",0,0,0.941176470588235,0.0588235294117647
"5",0,0,0.941176470588235,0.0588235294117647
"6",0,1,0,0
"7",0,1,0,0
"8",0,1,0,0
"9",0,0,0.941176470588235,0.0588235294117647
"10",0,1,0,0
"11",0,1,0,0
"12",0,0,0.941176470588235,0.0588235294117647
"13",1,0,0,0
"14",0,1,0,0
"15",0,0,0.941176470588235,0.0588235294117647
"16",0,0,0.25,0.75
"17",0,0,0.941176470588235,0.0588235294117647
"18",0,0,0.941176470588235,0.0588235294117647
"19",0,0,0.941176470588235,0.0588235294117647
"20",0,0,0.941176470588235,0.0588235294117647
"21",0,0,0.941176470588235,0.0588235294117647
"22",0,0,0.941176470588235,0.0588235294117647
"23",0,0,0.941176470588235,0.0588235294117647
"24",0,0,0.941176470588235,0.0588235294117647
"25",0,0,0.941176470588235,0.0588235294117647
"26",0,0,0.941176470588235,0.0588235294117647
"27",0,0.2,0,0.8
"28",0,1,0,0
"29",0,1,0,0
"30",1,0,0,0
"31",0,0,0.941176470588235,0.0588235294117647
"32",1,0,0,0
"33",0,0,0.25,0.75
"34",0,1,0,0
"35",0,1,0,0
"36",0,0,0.25,0.75
"37",0,0,0.941176470588235,0.0588235294117647
"38",1,0,0,0
"39",0,1,0,0
"40",0,0.2,0,0.8
"41",1,0,0,0
"42",1,0,0,0
"43",0,0,0.25,0.75
"44",0,0,0.25,0.75
"45",0,0,0.941176470588235,0.0588235294117647
"46",1,0,0,0
"47",1,0,0,0
"48",1,0,0,0
"49",0,0,0.25,0.75
"50",0,0.2,0,0.8
"51",1,0,0,0
"52",0,0,0.941176470588235,0.0588235294117647
"53",0,0,0.25,0.75
"54",0,1,0,0
"55",0,1,0,0
"56",0,1,0,0
"57",0,1,0,0
"58",0,0,0.941176470588235,0.0588235294117647
"59",0,0,0.25,0.75
"60",0,0,0.941176470588235,0.0588235294117647
"61",0,0,0.941176470588235,0.0588235294117647
"62",0,0,0.941176470588235,0.0588235294117647
"63",0,0,0.941176470588235,0.0588235294117647
"64",0,1,0,0
"65",0,0,0.941176470588235,0.0588235294117647
"66",0,1,0,0
"67",0,1,0,0
"68",0,0,0.941176470588235,0.0588235294117647
"69",0,0,0.941176470588235,0.0588235294117647
"70",0,0,0.25,0.75
"71",0,0,0.941176470588235,0.0588235294117647
