"","A","C","G","T"
"0",0,0,0,1
"1",0,0,0,1
"2",0.142857142857143,0.142857142857143,0,0.714285714285714
"3",0,0,1,0
"4",0.142857142857143,0.142857142857143,0,0.714285714285714
"5",0,0,0,1
"6",0,0,1,0
"7",0,0,1,0
"8",0,0,1,0
"9",0,0,0,1
"10",0,0,1,0
"11",0,0,1,0
"12",0,0,0,1
"13",1,0,0,0
"14",0,0,1,0
"15",0,0,0,1
"16",0,0,0,1
"17",0,0,0,1
"18",0,0,0,1
"19",0,0,0,1
"20",0,0,0,1
"21",0,0,0,1
"22",0,0,0,1
"23",0.142857142857143,0.142857142857143,0,0.714285714285714
"24",0,0,0,1
"25",0,0,0,1
"26",0,0,0,1
"27",0.125,0.75,0.125,0
"28",0,0,1,0
"29",0,0,1,0
"30",1,0,0,0
"31",0,0,0,1
"32",1,0,0,0
"33",0,0,1,0
"34",0,0,1,0
"35",0,0,1,0
"36",0.142857142857143,0.142857142857143,0,0.714285714285714
"37",0,0,0,1
"38",1,0,0,0
"39",0,0,1,0
"40",0.125,0.75,0.125,0
"41",0.125,0.75,0.125,0
"42",1,0,0,0
"43",0.142857142857143,0.142857142857143,0,0.714285714285714
"44",0.142857142857143,0.142857142857143,0,0.714285714285714
"45",0,0,0,1
"46",0.125,0.75,0.125,0
"47",0.125,0.75,0.125,0
"48",0.125,0.75,0.125,0
"49",0,0,1,0
"50",0.125,0.75,0.125,0
"51",0.125,0.75,0.125,0
"52",0,0,0,1
"53",0,0,1,0
"54",0,0,1,0
"55",0.125,0.75,0.125,0
"56",0.125,0.75,0.125,0
"57",1,0,0,0
"58",0,0,0,1
"59",0.142857142857143,0.142857142857143,0,0.714285714285714
"60",0.142857142857143,0.142857142857143,0,0.714285714285714
"61",0.142857142857143,0.142857142857143,0,0.714285714285714
"62",0.142857142857143,0.142857142857143,0,0.714285714285714
"63",1,0,0,0
"64",0,0,1,0
"65",1,0,0,0
"66",0,0,1,0
"67",0,0,1,0
"68",0.142857142857143,0.142857142857143,0,0.714285714285714
"69",0.142857142857143,0.142857142857143,0,0.714285714285714
"70",0.142857142857143,0.142857142857143,0,0.714285714285714
"71",0,0,0,1
