"","A","C","G","T"
"0",0.0263157894736842,0.921052631578947,0,0.0526315789473684
"1",0.523809523809524,0,0.476190476190476,0
"2",0.0263157894736842,0.921052631578947,0,0.0526315789473684
"3",0,0,0.0769230769230769,0.923076923076923
"4",0.523809523809524,0,0.476190476190476,0
"5",0.0263157894736842,0.921052631578947,0,0.0526315789473684
"6",0,0,0.0769230769230769,0.923076923076923
"7",0,0,0.0769230769230769,0.923076923076923
"8",0,0,0.0769230769230769,0.923076923076923
"9",0.0263157894736842,0.921052631578947,0,0.0526315789473684
"10",0,0,0.0769230769230769,0.923076923076923
"11",0,0,0.0769230769230769,0.923076923076923
"12",0.0263157894736842,0.921052631578947,0,0.0526315789473684
"13",0.523809523809524,0,0.476190476190476,0
"14",0,0,0.0769230769230769,0.923076923076923
"15",0.0263157894736842,0.921052631578947,0,0.0526315789473684
"16",0.523809523809524,0,0.476190476190476,0
"17",0.0263157894736842,0.921052631578947,0,0.0526315789473684
"18",0.0263157894736842,0.921052631578947,0,0.0526315789473684
"19",0.0263157894736842,0.921052631578947,0,0.0526315789473684
"20",0.0263157894736842,0.921052631578947,0,0.0526315789473684
"21",0.0263157894736842,0.921052631578947,0,0.0526315789473684
"22",0.0263157894736842,0.921052631578947,0,0.0526315789473684
"23",0.523809523809524,0,0.476190476190476,0
"24",0.0263157894736842,0.921052631578947,0,0.0526315789473684
"25",0.0263157894736842,0.921052631578947,0,0.0526315789473684
"26",0.0263157894736842,0.921052631578947,0,0.0526315789473684
"27",0.0263157894736842,0.921052631578947,0,0.0526315789473684
"28",0,0,0.0769230769230769,0.923076923076923
"29",0,0,0.0769230769230769,0.923076923076923
"30",0.523809523809524,0,0.476190476190476,0
"31",0.0263157894736842,0.921052631578947,0,0.0526315789473684
"32",0.523809523809524,0,0.476190476190476,0
"33",0.523809523809524,0,0.476190476190476,0
"34",0,0,0.0769230769230769,0.923076923076923
"35",0,0,0.0769230769230769,0.923076923076923
"36",0.523809523809524,0,0.476190476190476,0
"37",0.0263157894736842,0.921052631578947,0,0.0526315789473684
"38",0.523809523809524,0,0.476190476190476,0
"39",0,0,0.0769230769230769,0.923076923076923
"40",0.0263157894736842,0.921052631578947,0,0.0526315789473684
"41",0.523809523809524,0,0.476190476190476,0
"42",0.523809523809524,0,0.476190476190476,0
"43",0.523809523809524,0,0.476190476190476,0
"44",0.523809523809524,0,0.476190476190476,0
"45",0.0263157894736842,0.921052631578947,0,0.0526315789473684
"46",0,0,0.0769230769230769,0.923076923076923
"47",0,0,0.0769230769230769,0.923076923076923
"48",0,0,0.0769230769230769,0.923076923076923
"49",0.523809523809524,0,0.476190476190476,0
"50",0.0263157894736842,0.921052631578947,0,0.0526315789473684
"51",0,0,0.0769230769230769,0.923076923076923
"52",0.0263157894736842,0.921052631578947,0,0.0526315789473684
"53",0.0263157894736842,0.921052631578947,0,0.0526315789473684
"54",0,0,0.0769230769230769,0.923076923076923
"55",0.0263157894736842,0.921052631578947,0,0.0526315789473684
"56",0,0,0.0769230769230769,0.923076923076923
"57",0.0263157894736842,0.921052631578947,0,0.0526315789473684
"58",0.0263157894736842,0.921052631578947,0,0.0526315789473684
"59",0.0263157894736842,0.921052631578947,0,0.0526315789473684
"60",0.523809523809524,0,0.476190476190476,0
"61",0.523809523809524,0,0.476190476190476,0
"62",0.523809523809524,0,0.476190476190476,0
"63",0.523809523809524,0,0.476190476190476,0
"64",0,0,0.0769230769230769,0.923076923076923
"65",0.523809523809524,0,0.476190476190476,0
"66",0,0,0.0769230769230769,0.923076923076923
"67",0,0,0.0769230769230769,0.923076923076923
"68",0.523809523809524,0,0.476190476190476,0
"69",0.523809523809524,0,0.476190476190476,0
"70",0.0263157894736842,0.921052631578947,0,0.0526315789473684
"71",0.0263157894736842,0.921052631578947,0,0.0526315789473684
