"","A","C","G","T"
"0",0,0,1,0
"1",0,0.142857142857143,0.714285714285714,0.142857142857143
"2",0.133333333333333,0,0.333333333333333,0.533333333333333
"3",0,0.142857142857143,0.714285714285714,0.142857142857143
"4",0.888888888888889,0,0,0.111111111111111
"5",0,0,1,0
"6",0,0.142857142857143,0.714285714285714,0.142857142857143
"7",0,0.142857142857143,0.714285714285714,0.142857142857143
"8",0,0.142857142857143,0.714285714285714,0.142857142857143
"9",0,0,1,0
"10",0,0.142857142857143,0.714285714285714,0.142857142857143
"11",0,0.142857142857143,0.714285714285714,0.142857142857143
"12",0,0.142857142857143,0.714285714285714,0.142857142857143
"13",0.133333333333333,0,0.333333333333333,0.533333333333333
"14",0,0.142857142857143,0.714285714285714,0.142857142857143
"15",0,0,1,0
"16",0.133333333333333,0,0.333333333333333,0.533333333333333
"17",0,0,1,0
"18",0,0,1,0
"19",0,0,1,0
"20",0,0,1,0
"21",0,0,1,0
"22",0,0,1,0
"23",0.888888888888889,0,0,0.111111111111111
"24",0,0.142857142857143,0.714285714285714,0.142857142857143
"25",0,0,1,0
"26",0,0,1,0
"27",0.133333333333333,0,0.333333333333333,0.533333333333333
"28",0.133333333333333,0,0.333333333333333,0.533333333333333
"29",0,0.142857142857143,0.714285714285714,0.142857142857143
"30",0,0.142857142857143,0.714285714285714,0.142857142857143
"31",0,0,1,0
"32",0.133333333333333,0,0.333333333333333,0.533333333333333
"33",0.133333333333333,0,0.333333333333333,0.533333333333333
"34",0,0.142857142857143,0.714285714285714,0.142857142857143
"35",0,0.142857142857143,0.714285714285714,0.142857142857143
"36",0.888888888888889,0,0,0.111111111111111
"37",0,0,1,0
"38",0,0.142857142857143,0.714285714285714,0.142857142857143
"39",0,0.142857142857143,0.714285714285714,0.142857142857143
"40",0,0.142857142857143,0.714285714285714,0.142857142857143
"41",0.133333333333333,0,0.333333333333333,0.533333333333333
"42",0,0.142857142857143,0.714285714285714,0.142857142857143
"43",0.888888888888889,0,0,0.111111111111111
"44",0.888888888888889,0,0,0.111111111111111
"45",0,0,1,0
"46",0.888888888888889,0,0,0.111111111111111
"47",0.888888888888889,0,0,0.111111111111111
"48",0.888888888888889,0,0,0.111111111111111
"49",0.133333333333333,0,0.333333333333333,0.533333333333333
"50",0,0.142857142857143,0.714285714285714,0.142857142857143
"51",0.888888888888889,0,0,0.111111111111111
"52",0,0,1,0
"53",0.133333333333333,0,0.333333333333333,0.533333333333333
"54",0,0.142857142857143,0.714285714285714,0.142857142857143
"55",0,0.142857142857143,0.714285714285714,0.142857142857143
"56",0,0.142857142857143,0.714285714285714,0.142857142857143
"57",0,0.142857142857143,0.714285714285714,0.142857142857143
"58",0,0,1,0
"59",0.133333333333333,0,0.333333333333333,0.533333333333333
"60",0.888888888888889,0,0,0.111111111111111
"61",0.888888888888889,0,0,0.111111111111111
"62",0.888888888888889,0,0,0.111111111111111
"63",0.888888888888889,0,0,0.111111111111111
"64",0,0.142857142857143,0.714285714285714,0.142857142857143
"65",0.888888888888889,0,0,0.111111111111111
"66",0,0.142857142857143,0.714285714285714,0.142857142857143
"67",0,0.142857142857143,0.714285714285714,0.142857142857143
"68",0.888888888888889,0,0,0.111111111111111
"69",0.888888888888889,0,0,0.111111111111111
"70",0.133333333333333,0,0.333333333333333,0.533333333333333
"71",0,0,1,0
