"","A","C","G","T"
"0",0.666666666666667,0,0.333333333333333,0
"1",0.666666666666667,0,0.333333333333333,0
"2",0.235294117647059,0.294117647058824,0,0.470588235294118
"3",0.0909090909090909,0,0.818181818181818,0.0909090909090909
"4",0.666666666666667,0,0.333333333333333,0
"5",0,0,1,0
"6",0.0909090909090909,0,0.818181818181818,0.0909090909090909
"7",0.0909090909090909,0,0.818181818181818,0.0909090909090909
"8",0.0909090909090909,0,0.818181818181818,0.0909090909090909
"9",0.666666666666667,0,0.333333333333333,0
"10",0.0909090909090909,0,0.818181818181818,0.0909090909090909
"11",0.0909090909090909,0,0.818181818181818,0.0909090909090909
"12",0.666666666666667,0,0.333333333333333,0
"13",0.235294117647059,0.294117647058824,0,0.470588235294118
"14",0.0909090909090909,0,0.818181818181818,0.0909090909090909
"15",1,0,0,0
"16",0.0909090909090909,0,0.818181818181818,0.0909090909090909
"17",0.666666666666667,0,0.333333333333333,0
"18",0.666666666666667,0,0.333333333333333,0
"19",1,0,0,0
"20",1,0,0,0
"21",1,0,0,0
"22",1,0,0,0
"23",0.666666666666667,0,0.333333333333333,0
"24",0.666666666666667,0,0.333333333333333,0
"25",0,0,1,0
"26",1,0,0,0
"27",0.235294117647059,0.294117647058824,0,0.470588235294118
"28",0.0909090909090909,0,0.818181818181818,0.0909090909090909
"29",0.0909090909090909,0,0.818181818181818,0.0909090909090909
"30",0.235294117647059,0.294117647058824,0,0.470588235294118
"31",1,0,0,0
"32",0.235294117647059,0.294117647058824,0,0.470588235294118
"33",0.235294117647059,0.294117647058824,0,0.470588235294118
"34",0.0909090909090909,0,0.818181818181818,0.0909090909090909
"35",0.0909090909090909,0,0.818181818181818,0.0909090909090909
"36",1,0,0,0
"37",0.666666666666667,0,0.333333333333333,0
"38",0.235294117647059,0.294117647058824,0,0.470588235294118
"39",0.0909090909090909,0,0.818181818181818,0.0909090909090909
"40",0.666666666666667,0,0.333333333333333,0
"41",0.235294117647059,0.294117647058824,0,0.470588235294118
"42",0.235294117647059,0.294117647058824,0,0.470588235294118
"43",1,0,0,0
"44",1,0,0,0
"45",0,0,1,0
"46",0.235294117647059,0.294117647058824,0,0.470588235294118
"47",0.235294117647059,0.294117647058824,0,0.470588235294118
"48",0.235294117647059,0.294117647058824,0,0.470588235294118
"49",0.235294117647059,0.294117647058824,0,0.470588235294118
"50",0.666666666666667,0,0.333333333333333,0
"51",0.235294117647059,0.294117647058824,0,0.470588235294118
"52",0.666666666666667,0,0.333333333333333,0
"53",0.235294117647059,0.294117647058824,0,0.470588235294118
"54",0.0909090909090909,0,0.818181818181818,0.0909090909090909
"55",0.0909090909090909,0,0.818181818181818,0.0909090909090909
"56",0.235294117647059,0.294117647058824,0,0.470588235294118
"57",0.0909090909090909,0,0.818181818181818,0.0909090909090909
"58",1,0,0,0
"59",0.235294117647059,0.294117647058824,0,0.470588235294118
"60",0.235294117647059,0.294117647058824,0,0.470588235294118
"61",0.235294117647059,0.294117647058824,0,0.470588235294118
"62",0.235294117647059,0.294117647058824,0,0.470588235294118
"63",0.666666666666667,0,0.333333333333333,0
"64",0.0909090909090909,0,0.818181818181818,0.0909090909090909
"65",0.666666666666667,0,0.333333333333333,0
"66",0.0909090909090909,0,0.818181818181818,0.0909090909090909
"67",0.0909090909090909,0,0.818181818181818,0.0909090909090909
"68",0.235294117647059,0.294117647058824,0,0.470588235294118
"69",0.235294117647059,0.294117647058824,0,0.470588235294118
"70",0.235294117647059,0.294117647058824,0,0.470588235294118
"71",0.666666666666667,0,0.333333333333333,0
