"","A","C","G","T"
"0",1,0,0,0
"1",0.0625,0.125,0.75,0.0625
"2",0.0625,0.125,0.75,0.0625
"3",0,1,0,0
"4",1,0,0,0
"5",1,0,0,0
"6",0,1,0,0
"7",0,1,0,0
"8",0,1,0,0
"9",1,0,0,0
"10",0,1,0,0
"11",0,1,0,0
"12",1,0,0,0
"13",0.0625,0.125,0.75,0.0625
"14",0,1,0,0
"15",1,0,0,0
"16",0.142857142857143,0,0,0.857142857142857
"17",1,0,0,0
"18",1,0,0,0
"19",1,0,0,0
"20",1,0,0,0
"21",1,0,0,0
"22",1,0,0,0
"23",1,0,0,0
"24",1,0,0,0
"25",1,0,0,0
"26",1,0,0,0
"27",0.428571428571429,0,0.571428571428571,0
"28",0,1,0,0
"29",0,1,0,0
"30",0.0625,0.125,0.75,0.0625
"31",1,0,0,0
"32",0.0625,0.125,0.75,0.0625
"33",0,1,0,0
"34",0,1,0,0
"35",0,1,0,0
"36",0.142857142857143,0,0,0.857142857142857
"37",1,0,0,0
"38",0.0625,0.125,0.75,0.0625
"39",0,1,0,0
"40",0.0625,0.125,0.75,0.0625
"41",0.0625,0.125,0.75,0.0625
"42",0.0625,0.125,0.75,0.0625
"43",0.142857142857143,0,0,0.857142857142857
"44",0.142857142857143,0,0,0.857142857142857
"45",1,0,0,0
"46",0.142857142857143,0,0,0.857142857142857
"47",0.142857142857143,0,0,0.857142857142857
"48",0.142857142857143,0,0,0.857142857142857
"49",0,1,0,0
"50",0.0625,0.125,0.75,0.0625
"51",0.142857142857143,0,0,0.857142857142857
"52",1,0,0,0
"53",0.142857142857143,0,0,0.857142857142857
"54",0,1,0,0
"55",0.0625,0.125,0.75,0.0625
"56",0.0625,0.125,0.75,0.0625
"57",1,0,0,0
"58",1,0,0,0
"59",0.0625,0.125,0.75,0.0625
"60",0.142857142857143,0,0,0.857142857142857
"61",0.142857142857143,0,0,0.857142857142857
"62",0.142857142857143,0,0,0.857142857142857
"63",1,0,0,0
"64",0,1,0,0
"65",1,0,0,0
"66",0,1,0,0
"67",0,1,0,0
"68",0.142857142857143,0,0,0.857142857142857
"69",0.142857142857143,0,0,0.857142857142857
"70",0.0625,0.125,0.75,0.0625
"71",1,0,0,0
