"","A","C","G","R","T"
"0",0.951219512195122,0,0.024390243902439,0,0.024390243902439
"1",0.1,0.9,0,0,0
"2",0.75,0,0.125,0.125,0
"3",0.951219512195122,0,0.024390243902439,0,0.024390243902439
"4",0.75,0,0.125,0.125,0
"5",0.951219512195122,0,0.024390243902439,0,0.024390243902439
"6",0.951219512195122,0,0.024390243902439,0,0.024390243902439
"7",0.951219512195122,0,0.024390243902439,0,0.024390243902439
"8",0.951219512195122,0,0.024390243902439,0,0.024390243902439
"9",0.951219512195122,0,0.024390243902439,0,0.024390243902439
"10",0.951219512195122,0,0.024390243902439,0,0.024390243902439
"11",0.951219512195122,0,0.024390243902439,0,0.024390243902439
"12",0.951219512195122,0,0.024390243902439,0,0.024390243902439
"13",0.75,0,0.125,0.125,0
"14",0.951219512195122,0,0.024390243902439,0,0.024390243902439
"15",0.951219512195122,0,0.024390243902439,0,0.024390243902439
"16",0.951219512195122,0,0.024390243902439,0,0.024390243902439
"17",0.951219512195122,0,0.024390243902439,0,0.024390243902439
"18",0.951219512195122,0,0.024390243902439,0,0.024390243902439
"19",0.951219512195122,0,0.024390243902439,0,0.024390243902439
"20",0.951219512195122,0,0.024390243902439,0,0.024390243902439
"21",0.951219512195122,0,0.024390243902439,0,0.024390243902439
"22",0.951219512195122,0,0.024390243902439,0,0.024390243902439
"23",0.75,0,0.125,0.125,0
"24",0.951219512195122,0,0.024390243902439,0,0.024390243902439
"25",0.951219512195122,0,0.024390243902439,0,0.024390243902439
"26",0.951219512195122,0,0.024390243902439,0,0.024390243902439
"27",0.1,0.9,0,0,0
"28",0.951219512195122,0,0.024390243902439,0,0.024390243902439
"29",0.951219512195122,0,0.024390243902439,0,0.024390243902439
"30",0.0769230769230769,0.0769230769230769,0.615384615384615,0,0.230769230769231
"31",0.951219512195122,0,0.024390243902439,0,0.024390243902439
"32",0.75,0,0.125,0.125,0
"33",0.75,0,0.125,0.125,0
"34",0.951219512195122,0,0.024390243902439,0,0.024390243902439
"35",0.951219512195122,0,0.024390243902439,0,0.024390243902439
"36",0.1,0.9,0,0,0
"37",0.951219512195122,0,0.024390243902439,0,0.024390243902439
"38",0.0769230769230769,0.0769230769230769,0.615384615384615,0,0.230769230769231
"39",0.951219512195122,0,0.024390243902439,0,0.024390243902439
"40",0.75,0,0.125,0.125,0
"41",0.75,0,0.125,0.125,0
"42",0.0769230769230769,0.0769230769230769,0.615384615384615,0,0.230769230769231
"43",0.0769230769230769,0.0769230769230769,0.615384615384615,0,0.230769230769231
"44",0.1,0.9,0,0,0
"45",0.951219512195122,0,0.024390243902439,0,0.024390243902439
"46",0.951219512195122,0,0.024390243902439,0,0.024390243902439
"47",0.951219512195122,0,0.024390243902439,0,0.024390243902439
"48",0.951219512195122,0,0.024390243902439,0,0.024390243902439
"49",0.75,0,0.125,0.125,0
"50",0.75,0,0.125,0.125,0
"51",0.951219512195122,0,0.024390243902439,0,0.024390243902439
"52",0.951219512195122,0,0.024390243902439,0,0.024390243902439
"53",0.951219512195122,0,0.024390243902439,0,0.024390243902439
"54",0.951219512195122,0,0.024390243902439,0,0.024390243902439
"55",0.0769230769230769,0.0769230769230769,0.615384615384615,0,0.230769230769231
"56",0.75,0,0.125,0.125,0
"57",0.0769230769230769,0.0769230769230769,0.615384615384615,0,0.230769230769231
"58",0.951219512195122,0,0.024390243902439,0,0.024390243902439
"59",0.75,0,0.125,0.125,0
"60",0.0769230769230769,0.0769230769230769,0.615384615384615,0,0.230769230769231
"61",0.0769230769230769,0.0769230769230769,0.615384615384615,0,0.230769230769231
"62",0.0769230769230769,0.0769230769230769,0.615384615384615,0,0.230769230769231
"63",0.75,0,0.125,0.125,0
"64",0.951219512195122,0,0.024390243902439,0,0.024390243902439
"65",0.75,0,0.125,0.125,0
"66",0.951219512195122,0,0.024390243902439,0,0.024390243902439
"67",0.951219512195122,0,0.024390243902439,0,0.024390243902439
"68",0.0769230769230769,0.0769230769230769,0.615384615384615,0,0.230769230769231
"69",0.0769230769230769,0.0769230769230769,0.615384615384615,0,0.230769230769231
"70",0.75,0,0.125,0.125,0
"71",0.951219512195122,0,0.024390243902439,0,0.024390243902439
