"","A","C","G","T","Y"
"0",0.0277777777777778,0.944444444444444,0,0.0277777777777778,0
"1",0,0.25,0,0.625,0.125
"2",0.615384615384615,0,0,0.384615384615385,0
"3",0.615384615384615,0,0,0.384615384615385,0
"4",0,0.25,0,0.625,0.125
"5",0.0277777777777778,0.944444444444444,0,0.0277777777777778,0
"6",0.615384615384615,0,0,0.384615384615385,0
"7",0.615384615384615,0,0,0.384615384615385,0
"8",0.615384615384615,0,0,0.384615384615385,0
"9",0.0277777777777778,0.944444444444444,0,0.0277777777777778,0
"10",0.615384615384615,0,0,0.384615384615385,0
"11",0.615384615384615,0,0,0.384615384615385,0
"12",0.0277777777777778,0.944444444444444,0,0.0277777777777778,0
"13",0.866666666666667,0,0.133333333333333,0,0
"14",0.615384615384615,0,0,0.384615384615385,0
"15",0.0277777777777778,0.944444444444444,0,0.0277777777777778,0
"16",0.0277777777777778,0.944444444444444,0,0.0277777777777778,0
"17",0.0277777777777778,0.944444444444444,0,0.0277777777777778,0
"18",0.0277777777777778,0.944444444444444,0,0.0277777777777778,0
"19",0.0277777777777778,0.944444444444444,0,0.0277777777777778,0
"20",0.0277777777777778,0.944444444444444,0,0.0277777777777778,0
"21",0.0277777777777778,0.944444444444444,0,0.0277777777777778,0
"22",0.0277777777777778,0.944444444444444,0,0.0277777777777778,0
"23",0,0.25,0,0.625,0.125
"24",0.0277777777777778,0.944444444444444,0,0.0277777777777778,0
"25",0.0277777777777778,0.944444444444444,0,0.0277777777777778,0
"26",0.0277777777777778,0.944444444444444,0,0.0277777777777778,0
"27",0.866666666666667,0,0.133333333333333,0,0
"28",0.615384615384615,0,0,0.384615384615385,0
"29",0.615384615384615,0,0,0.384615384615385,0
"30",0.615384615384615,0,0,0.384615384615385,0
"31",0.0277777777777778,0.944444444444444,0,0.0277777777777778,0
"32",0.866666666666667,0,0.133333333333333,0,0
"33",0.866666666666667,0,0.133333333333333,0,0
"34",0.615384615384615,0,0,0.384615384615385,0
"35",0.615384615384615,0,0,0.384615384615385,0
"36",0.615384615384615,0,0,0.384615384615385,0
"37",0.0277777777777778,0.944444444444444,0,0.0277777777777778,0
"38",0.615384615384615,0,0,0.384615384615385,0
"39",0.615384615384615,0,0,0.384615384615385,0
"40",0.0277777777777778,0.944444444444444,0,0.0277777777777778,0
"41",0.866666666666667,0,0.133333333333333,0,0
"42",0.615384615384615,0,0,0.384615384615385,0
"43",0.615384615384615,0,0,0.384615384615385,0
"44",0.615384615384615,0,0,0.384615384615385,0
"45",0.0277777777777778,0.944444444444444,0,0.0277777777777778,0
"46",0,0.25,0,0.625,0.125
"47",0,0.25,0,0.625,0.125
"48",0,0.25,0,0.625,0.125
"49",0.866666666666667,0,0.133333333333333,0,0
"50",0.0277777777777778,0.944444444444444,0,0.0277777777777778,0
"51",0,0.25,0,0.625,0.125
"52",0.0277777777777778,0.944444444444444,0,0.0277777777777778,0
"53",0.866666666666667,0,0.133333333333333,0,0
"54",0.615384615384615,0,0,0.384615384615385,0
"55",0,0.25,0,0.625,0.125
"56",0.615384615384615,0,0,0.384615384615385,0
"57",0,0.25,0,0.625,0.125
"58",0.0277777777777778,0.944444444444444,0,0.0277777777777778,0
"59",0.615384615384615,0,0,0.384615384615385,0
"60",0,0.25,0,0.625,0.125
"61",0,0.25,0,0.625,0.125
"62",0,0.25,0,0.625,0.125
"63",0,0.25,0,0.625,0.125
"64",0.615384615384615,0,0,0.384615384615385,0
"65",0,0.25,0,0.625,0.125
"66",0.615384615384615,0,0,0.384615384615385,0
"67",0.615384615384615,0,0,0.384615384615385,0
"68",0,0.25,0,0.625,0.125
"69",0,0.25,0,0.625,0.125
"70",0.615384615384615,0,0,0.384615384615385,0
"71",0.0277777777777778,0.944444444444444,0,0.0277777777777778,0
