"","A","C","G","T"
"0",0.0285714285714286,0,0,0.971428571428571
"1",0.0285714285714286,0,0,0.971428571428571
"2",0,1,0,0
"3",0.307692307692308,0,0.692307692307692,0
"4",0,1,0,0
"5",0.0285714285714286,0,0,0.971428571428571
"6",0.307692307692308,0,0.692307692307692,0
"7",0.307692307692308,0,0.692307692307692,0
"8",0.307692307692308,0,0.692307692307692,0
"9",0.0285714285714286,0,0,0.971428571428571
"10",0.307692307692308,0,0.692307692307692,0
"11",0.307692307692308,0,0.692307692307692,0
"12",0.0285714285714286,0,0,0.971428571428571
"13",0,0.111111111111111,0.555555555555556,0.333333333333333
"14",0.307692307692308,0,0.692307692307692,0
"15",0.0285714285714286,0,0,0.971428571428571
"16",0.0285714285714286,0,0,0.971428571428571
"17",0.0285714285714286,0,0,0.971428571428571
"18",0.0285714285714286,0,0,0.971428571428571
"19",0.0285714285714286,0,0,0.971428571428571
"20",0.0285714285714286,0,0,0.971428571428571
"21",0.0285714285714286,0,0,0.971428571428571
"22",0.0285714285714286,0,0,0.971428571428571
"23",0,1,0,0
"24",0.0285714285714286,0,0,0.971428571428571
"25",0.0285714285714286,0,0,0.971428571428571
"26",0.0285714285714286,0,0,0.971428571428571
"27",0,0,1,0
"28",0.307692307692308,0,0.692307692307692,0
"29",0.307692307692308,0,0.692307692307692,0
"30",0,0.111111111111111,0.555555555555556,0.333333333333333
"31",0.0285714285714286,0,0,0.971428571428571
"32",0,0.111111111111111,0.555555555555556,0.333333333333333
"33",0,0.111111111111111,0.555555555555556,0.333333333333333
"34",0.307692307692308,0,0.692307692307692,0
"35",0.307692307692308,0,0.692307692307692,0
"36",0.307692307692308,0,0.692307692307692,0
"37",0.0285714285714286,0,0,0.971428571428571
"38",0,1,0,0
"39",0.307692307692308,0,0.692307692307692,0
"40",0,0.111111111111111,0.555555555555556,0.333333333333333
"41",0,1,0,0
"42",0,1,0,0
"43",0.307692307692308,0,0.692307692307692,0
"44",0.307692307692308,0,0.692307692307692,0
"45",0.0285714285714286,0,0,0.971428571428571
"46",0.307692307692308,0,0.692307692307692,0
"47",0.307692307692308,0,0.692307692307692,0
"48",0.307692307692308,0,0.692307692307692,0
"49",0,0.111111111111111,0.555555555555556,0.333333333333333
"50",0,0.111111111111111,0.555555555555556,0.333333333333333
"51",0.307692307692308,0,0.692307692307692,0
"52",0.0285714285714286,0,0,0.971428571428571
"53",0.307692307692308,0,0.692307692307692,0
"54",0.307692307692308,0,0.692307692307692,0
"55",0,1,0,0
"56",0,1,0,0
"57",0,0,1,0
"58",0.0285714285714286,0,0,0.971428571428571
"59",0,1,0,0
"60",0,1,0,0
"61",0,1,0,0
"62",0,1,0,0
"63",0,1,0,0
"64",0.307692307692308,0,0.692307692307692,0
"65",0,1,0,0
"66",0.307692307692308,0,0.692307692307692,0
"67",0.307692307692308,0,0.692307692307692,0
"68",0,0,1,0
"69",0,0,1,0
"70",0,1,0,0
"71",0.0285714285714286,0,0,0.971428571428571
