"","A","C","G","T"
"0",0.0285714285714286,0,0.971428571428571,0
"1",0.0285714285714286,0,0.971428571428571,0
"2",0.111111111111111,0.444444444444444,0.111111111111111,0.333333333333333
"3",0.642857142857143,0.0714285714285714,0.0714285714285714,0.214285714285714
"4",0.0285714285714286,0,0.971428571428571,0
"5",0.0285714285714286,0,0.971428571428571,0
"6",0.642857142857143,0.0714285714285714,0.0714285714285714,0.214285714285714
"7",0.642857142857143,0.0714285714285714,0.0714285714285714,0.214285714285714
"8",0.642857142857143,0.0714285714285714,0.0714285714285714,0.214285714285714
"9",0.0285714285714286,0,0.971428571428571,0
"10",0.642857142857143,0.0714285714285714,0.0714285714285714,0.214285714285714
"11",0.642857142857143,0.0714285714285714,0.0714285714285714,0.214285714285714
"12",0.0285714285714286,0,0.971428571428571,0
"13",0.111111111111111,0.444444444444444,0.111111111111111,0.333333333333333
"14",0.642857142857143,0.0714285714285714,0.0714285714285714,0.214285714285714
"15",0.0285714285714286,0,0.971428571428571,0
"16",0.642857142857143,0.0714285714285714,0.0714285714285714,0.214285714285714
"17",0.0285714285714286,0,0.971428571428571,0
"18",0.0285714285714286,0,0.971428571428571,0
"19",0.0285714285714286,0,0.971428571428571,0
"20",0.0285714285714286,0,0.971428571428571,0
"21",0.0285714285714286,0,0.971428571428571,0
"22",0.0285714285714286,0,0.971428571428571,0
"23",0.0285714285714286,0,0.971428571428571,0
"24",0.0285714285714286,0,0.971428571428571,0
"25",0.0285714285714286,0,0.971428571428571,0
"26",0.0285714285714286,0,0.971428571428571,0
"27",0,0.0714285714285714,0,0.928571428571429
"28",0.642857142857143,0.0714285714285714,0.0714285714285714,0.214285714285714
"29",0.642857142857143,0.0714285714285714,0.0714285714285714,0.214285714285714
"30",0.111111111111111,0.444444444444444,0.111111111111111,0.333333333333333
"31",0.0285714285714286,0,0.971428571428571,0
"32",0.111111111111111,0.444444444444444,0.111111111111111,0.333333333333333
"33",0.642857142857143,0.0714285714285714,0.0714285714285714,0.214285714285714
"34",0.642857142857143,0.0714285714285714,0.0714285714285714,0.214285714285714
"35",0.642857142857143,0.0714285714285714,0.0714285714285714,0.214285714285714
"36",0,0.0714285714285714,0,0.928571428571429
"37",0.0285714285714286,0,0.971428571428571,0
"38",0.111111111111111,0.444444444444444,0.111111111111111,0.333333333333333
"39",0.642857142857143,0.0714285714285714,0.0714285714285714,0.214285714285714
"40",0.642857142857143,0.0714285714285714,0.0714285714285714,0.214285714285714
"41",0.111111111111111,0.444444444444444,0.111111111111111,0.333333333333333
"42",0.111111111111111,0.444444444444444,0.111111111111111,0.333333333333333
"43",0,0.0714285714285714,0,0.928571428571429
"44",0,0.0714285714285714,0,0.928571428571429
"45",0.0285714285714286,0,0.971428571428571,0
"46",0.642857142857143,0.0714285714285714,0.0714285714285714,0.214285714285714
"47",0.642857142857143,0.0714285714285714,0.0714285714285714,0.214285714285714
"48",0.642857142857143,0.0714285714285714,0.0714285714285714,0.214285714285714
"49",0.642857142857143,0.0714285714285714,0.0714285714285714,0.214285714285714
"50",0.642857142857143,0.0714285714285714,0.0714285714285714,0.214285714285714
"51",0.642857142857143,0.0714285714285714,0.0714285714285714,0.214285714285714
"52",0.0285714285714286,0,0.971428571428571,0
"53",0.642857142857143,0.0714285714285714,0.0714285714285714,0.214285714285714
"54",0.642857142857143,0.0714285714285714,0.0714285714285714,0.214285714285714
"55",0.642857142857143,0.0714285714285714,0.0714285714285714,0.214285714285714
"56",0.111111111111111,0.444444444444444,0.111111111111111,0.333333333333333
"57",0.642857142857143,0.0714285714285714,0.0714285714285714,0.214285714285714
"58",0.0285714285714286,0,0.971428571428571,0
"59",0.111111111111111,0.444444444444444,0.111111111111111,0.333333333333333
"60",0.642857142857143,0.0714285714285714,0.0714285714285714,0.214285714285714
"61",0.642857142857143,0.0714285714285714,0.0714285714285714,0.214285714285714
"62",0.642857142857143,0.0714285714285714,0.0714285714285714,0.214285714285714
"63",0.0285714285714286,0,0.971428571428571,0
"64",0.642857142857143,0.0714285714285714,0.0714285714285714,0.214285714285714
"65",0.0285714285714286,0,0.971428571428571,0
"66",0.642857142857143,0.0714285714285714,0.0714285714285714,0.214285714285714
"67",0.642857142857143,0.0714285714285714,0.0714285714285714,0.214285714285714
"68",0.642857142857143,0.0714285714285714,0.0714285714285714,0.214285714285714
"69",0.642857142857143,0.0714285714285714,0.0714285714285714,0.214285714285714
"70",0.111111111111111,0.444444444444444,0.111111111111111,0.333333333333333
"71",0.0285714285714286,0,0.971428571428571,0
