"","A","C","G","T"
"0",0,0,0.974358974358974,0.0256410256410256
"1",0,0.714285714285714,0.285714285714286,0
"2",0.842105263157895,0,0,0.157894736842105
"3",0.842105263157895,0,0,0.157894736842105
"4",0,0,0.974358974358974,0.0256410256410256
"5",0,0,0.974358974358974,0.0256410256410256
"6",0.842105263157895,0,0,0.157894736842105
"7",0.842105263157895,0,0,0.157894736842105
"8",0.842105263157895,0,0,0.157894736842105
"9",0,0,0.974358974358974,0.0256410256410256
"10",0.842105263157895,0,0,0.157894736842105
"11",0.842105263157895,0,0,0.157894736842105
"12",0,0,0.974358974358974,0.0256410256410256
"13",0.285714285714286,0,0.714285714285714,0
"14",0.842105263157895,0,0,0.157894736842105
"15",0,0,0.974358974358974,0.0256410256410256
"16",0,0,0.974358974358974,0.0256410256410256
"17",0,0,0.974358974358974,0.0256410256410256
"18",0,0,0.974358974358974,0.0256410256410256
"19",0,0,0.974358974358974,0.0256410256410256
"20",0,0,0.974358974358974,0.0256410256410256
"21",0,0,0.974358974358974,0.0256410256410256
"22",0,0,0.974358974358974,0.0256410256410256
"23",0,0,0.974358974358974,0.0256410256410256
"24",0,0,0.974358974358974,0.0256410256410256
"25",0,0,0.974358974358974,0.0256410256410256
"26",0,0,0.974358974358974,0.0256410256410256
"27",0.842105263157895,0,0,0.157894736842105
"28",0.842105263157895,0,0,0.157894736842105
"29",0.842105263157895,0,0,0.157894736842105
"30",0.842105263157895,0,0,0.157894736842105
"31",0,0,0.974358974358974,0.0256410256410256
"32",0.285714285714286,0,0.714285714285714,0
"33",0.842105263157895,0,0,0.157894736842105
"34",0.842105263157895,0,0,0.157894736842105
"35",0.842105263157895,0,0,0.157894736842105
"36",0,0,0.974358974358974,0.0256410256410256
"37",0,0,0.974358974358974,0.0256410256410256
"38",0.842105263157895,0,0,0.157894736842105
"39",0.842105263157895,0,0,0.157894736842105
"40",0.842105263157895,0,0,0.157894736842105
"41",0,0,0.974358974358974,0.0256410256410256
"42",0.842105263157895,0,0,0.157894736842105
"43",0,0,0.974358974358974,0.0256410256410256
"44",0,0,0.974358974358974,0.0256410256410256
"45",0,0,0.974358974358974,0.0256410256410256
"46",0.842105263157895,0,0,0.157894736842105
"47",0.842105263157895,0,0,0.157894736842105
"48",0.842105263157895,0,0,0.157894736842105
"49",0.842105263157895,0,0,0.157894736842105
"50",0.842105263157895,0,0,0.157894736842105
"51",0.842105263157895,0,0,0.157894736842105
"52",0,0,0.974358974358974,0.0256410256410256
"53",0.842105263157895,0,0,0.157894736842105
"54",0.842105263157895,0,0,0.157894736842105
"55",0,0,0.974358974358974,0.0256410256410256
"56",0,0,0.974358974358974,0.0256410256410256
"57",0.842105263157895,0,0,0.157894736842105
"58",0,0,0.974358974358974,0.0256410256410256
"59",0.842105263157895,0,0,0.157894736842105
"60",0,0.714285714285714,0.285714285714286,0
"61",0,0.714285714285714,0.285714285714286,0
"62",0,0.714285714285714,0.285714285714286,0
"63",0.842105263157895,0,0,0.157894736842105
"64",0.842105263157895,0,0,0.157894736842105
"65",0.842105263157895,0,0,0.157894736842105
"66",0.842105263157895,0,0,0.157894736842105
"67",0.842105263157895,0,0,0.157894736842105
"68",0,0.714285714285714,0.285714285714286,0
"69",0,0.714285714285714,0.285714285714286,0
"70",0.842105263157895,0,0,0.157894736842105
"71",0,0,0.974358974358974,0.0256410256410256
