"","A","C","G","T"
"0",1,0,0,0
"1",0,0,0.866666666666667,0.133333333333333
"2",0.153846153846154,0.769230769230769,0,0.0769230769230769
"3",0,0,0.866666666666667,0.133333333333333
"4",0,0,0.866666666666667,0.133333333333333
"5",1,0,0,0
"6",0,0,0.866666666666667,0.133333333333333
"7",0,0,0.866666666666667,0.133333333333333
"8",0,0,0.866666666666667,0.133333333333333
"9",1,0,0,0
"10",0,0,0.866666666666667,0.133333333333333
"11",0,0,0.866666666666667,0.133333333333333
"12",1,0,0,0
"13",0.75,0.125,0.125,0
"14",0,0,0.866666666666667,0.133333333333333
"15",1,0,0,0
"16",0.153846153846154,0.769230769230769,0,0.0769230769230769
"17",1,0,0,0
"18",1,0,0,0
"19",1,0,0,0
"20",1,0,0,0
"21",1,0,0,0
"22",1,0,0,0
"23",0,0,0.866666666666667,0.133333333333333
"24",1,0,0,0
"25",1,0,0,0
"26",1,0,0,0
"27",0.153846153846154,0.769230769230769,0,0.0769230769230769
"28",0,0,0.866666666666667,0.133333333333333
"29",0,0,0.866666666666667,0.133333333333333
"30",0,0,0.866666666666667,0.133333333333333
"31",1,0,0,0
"32",0.75,0.125,0.125,0
"33",1,0,0,0
"34",0,0,0.866666666666667,0.133333333333333
"35",0,0,0.866666666666667,0.133333333333333
"36",1,0,0,0
"37",1,0,0,0
"38",0,0,0.866666666666667,0.133333333333333
"39",0,0,0.866666666666667,0.133333333333333
"40",0.153846153846154,0.769230769230769,0,0.0769230769230769
"41",0.75,0.125,0.125,0
"42",0,0,0.866666666666667,0.133333333333333
"43",1,0,0,0
"44",1,0,0,0
"45",1,0,0,0
"46",0.75,0.125,0.125,0
"47",0.75,0.125,0.125,0
"48",0.75,0.125,0.125,0
"49",1,0,0,0
"50",0.153846153846154,0.769230769230769,0,0.0769230769230769
"51",0.75,0.125,0.125,0
"52",1,0,0,0
"53",0,0,0.866666666666667,0.133333333333333
"54",0,0,0.866666666666667,0.133333333333333
"55",0.75,0.125,0.125,0
"56",0.75,0.125,0.125,0
"57",0.153846153846154,0.769230769230769,0,0.0769230769230769
"58",1,0,0,0
"59",0.153846153846154,0.769230769230769,0,0.0769230769230769
"60",0,0,0.866666666666667,0.133333333333333
"61",0,0,0.866666666666667,0.133333333333333
"62",0,0,0.866666666666667,0.133333333333333
"63",0,0,0.866666666666667,0.133333333333333
"64",0,0,0.866666666666667,0.133333333333333
"65",0,0,0.866666666666667,0.133333333333333
"66",0,0,0.866666666666667,0.133333333333333
"67",0,0,0.866666666666667,0.133333333333333
"68",0,0,0.866666666666667,0.133333333333333
"69",0,0,0.866666666666667,0.133333333333333
"70",0.153846153846154,0.769230769230769,0,0.0769230769230769
"71",1,0,0,0
