"","A","C","G","T"
"0",0,0.0285714285714286,0.971428571428571,0
"1",0,0,0,1
"2",0.928571428571429,0,0,0.0714285714285714
"3",0,0.9375,0,0.0625
"4",0.928571428571429,0,0,0.0714285714285714
"5",0,0.0285714285714286,0.971428571428571,0
"6",0,0.9375,0,0.0625
"7",0,0.9375,0,0.0625
"8",0,0.9375,0,0.0625
"9",0,0.0285714285714286,0.971428571428571,0
"10",0,0.9375,0,0.0625
"11",0,0.9375,0,0.0625
"12",0,0.0285714285714286,0.971428571428571,0
"13",0.928571428571429,0,0,0.0714285714285714
"14",0,0.9375,0,0.0625
"15",0,0.0285714285714286,0.971428571428571,0
"16",0.928571428571429,0,0,0.0714285714285714
"17",0,0.0285714285714286,0.971428571428571,0
"18",0,0.0285714285714286,0.971428571428571,0
"19",0,0.0285714285714286,0.971428571428571,0
"20",0,0.0285714285714286,0.971428571428571,0
"21",0,0.0285714285714286,0.971428571428571,0
"22",0,0.0285714285714286,0.971428571428571,0
"23",0.928571428571429,0,0,0.0714285714285714
"24",0,0.0285714285714286,0.971428571428571,0
"25",0,0.0285714285714286,0.971428571428571,0
"26",0,0.0285714285714286,0.971428571428571,0
"27",0,0.9375,0,0.0625
"28",0,0.9375,0,0.0625
"29",0,0.9375,0,0.0625
"30",0,0.9375,0,0.0625
"31",0,0.0285714285714286,0.971428571428571,0
"32",0.928571428571429,0,0,0.0714285714285714
"33",0,0.9375,0,0.0625
"34",0,0.9375,0,0.0625
"35",0,0.9375,0,0.0625
"36",0,0.9375,0,0.0625
"37",0,0.0285714285714286,0.971428571428571,0
"38",0,0.9375,0,0.0625
"39",0,0.9375,0,0.0625
"40",0,0.0285714285714286,0.971428571428571,0
"41",0.928571428571429,0,0,0.0714285714285714
"42",0,0.9375,0,0.0625
"43",0,0.9375,0,0.0625
"44",0,0.9375,0,0.0625
"45",0,0.0285714285714286,0.971428571428571,0
"46",0,0.9375,0,0.0625
"47",0,0.9375,0,0.0625
"48",0,0.9375,0,0.0625
"49",0,0.0285714285714286,0.971428571428571,0
"50",0,0.0285714285714286,0.971428571428571,0
"51",0,0.9375,0,0.0625
"52",0,0.0285714285714286,0.971428571428571,0
"53",0.928571428571429,0,0,0.0714285714285714
"54",0,0.9375,0,0.0625
"55",0.928571428571429,0,0,0.0714285714285714
"56",0,0.0285714285714286,0.971428571428571,0
"57",0.928571428571429,0,0,0.0714285714285714
"58",0,0.0285714285714286,0.971428571428571,0
"59",0.928571428571429,0,0,0.0714285714285714
"60",0,0.9375,0,0.0625
"61",0,0.9375,0,0.0625
"62",0,0.9375,0,0.0625
"63",0.928571428571429,0,0,0.0714285714285714
"64",0,0.9375,0,0.0625
"65",0.928571428571429,0,0,0.0714285714285714
"66",0,0.9375,0,0.0625
"67",0,0.9375,0,0.0625
"68",0,0.9375,0,0.0625
"69",0,0.9375,0,0.0625
"70",0.928571428571429,0,0,0.0714285714285714
"71",0,0.0285714285714286,0.971428571428571,0
