"","A","C","G","R","T"
"0",1,0,0,0,0
"1",0,0,0.142857142857143,0,0.857142857142857
"2",0.272727272727273,0,0.636363636363636,0.0909090909090909,0
"3",0.272727272727273,0,0.636363636363636,0.0909090909090909,0
"4",0.272727272727273,0,0.636363636363636,0.0909090909090909,0
"5",1,0,0,0,0
"6",0.272727272727273,0,0.636363636363636,0.0909090909090909,0
"7",0.272727272727273,0,0.636363636363636,0.0909090909090909,0
"8",0.272727272727273,0,0.636363636363636,0.0909090909090909,0
"9",1,0,0,0,0
"10",0.272727272727273,0,0.636363636363636,0.0909090909090909,0
"11",0.272727272727273,0,0.636363636363636,0.0909090909090909,0
"12",1,0,0,0,0
"13",1,0,0,0,0
"14",0.272727272727273,0,0.636363636363636,0.0909090909090909,0
"15",1,0,0,0,0
"16",0.272727272727273,0.454545454545455,0.0909090909090909,0,0.181818181818182
"17",1,0,0,0,0
"18",1,0,0,0,0
"19",1,0,0,0,0
"20",1,0,0,0,0
"21",1,0,0,0,0
"22",1,0,0,0,0
"23",0.272727272727273,0,0.636363636363636,0.0909090909090909,0
"24",1,0,0,0,0
"25",1,0,0,0,0
"26",1,0,0,0,0
"27",1,0,0,0,0
"28",0.272727272727273,0,0.636363636363636,0.0909090909090909,0
"29",0.272727272727273,0,0.636363636363636,0.0909090909090909,0
"30",0,0,0.142857142857143,0,0.857142857142857
"31",1,0,0,0,0
"32",1,0,0,0,0
"33",0.272727272727273,0,0.636363636363636,0.0909090909090909,0
"34",0.272727272727273,0,0.636363636363636,0.0909090909090909,0
"35",0.272727272727273,0,0.636363636363636,0.0909090909090909,0
"36",0.272727272727273,0.454545454545455,0.0909090909090909,0,0.181818181818182
"37",1,0,0,0,0
"38",0,0,0.142857142857143,0,0.857142857142857
"39",0.272727272727273,0,0.636363636363636,0.0909090909090909,0
"40",0.272727272727273,0.454545454545455,0.0909090909090909,0,0.181818181818182
"41",1,0,0,0,0
"42",0,0,0.142857142857143,0,0.857142857142857
"43",0.272727272727273,0.454545454545455,0.0909090909090909,0,0.181818181818182
"44",0.272727272727273,0.454545454545455,0.0909090909090909,0,0.181818181818182
"45",1,0,0,0,0
"46",0.272727272727273,0.454545454545455,0.0909090909090909,0,0.181818181818182
"47",0.272727272727273,0.454545454545455,0.0909090909090909,0,0.181818181818182
"48",0.272727272727273,0.454545454545455,0.0909090909090909,0,0.181818181818182
"49",0.272727272727273,0,0.636363636363636,0.0909090909090909,0
"50",0.272727272727273,0.454545454545455,0.0909090909090909,0,0.181818181818182
"51",0.272727272727273,0.454545454545455,0.0909090909090909,0,0.181818181818182
"52",1,0,0,0,0
"53",1,0,0,0,0
"54",0.272727272727273,0,0.636363636363636,0.0909090909090909,0
"55",1,0,0,0,0
"56",0.272727272727273,0.454545454545455,0.0909090909090909,0,0.181818181818182
"57",1,0,0,0,0
"58",1,0,0,0,0
"59",0.272727272727273,0,0.636363636363636,0.0909090909090909,0
"60",1,0,0,0,0
"61",1,0,0,0,0
"62",1,0,0,0,0
"63",0.272727272727273,0,0.636363636363636,0.0909090909090909,0
"64",0.272727272727273,0,0.636363636363636,0.0909090909090909,0
"65",0.272727272727273,0,0.636363636363636,0.0909090909090909,0
"66",0.272727272727273,0,0.636363636363636,0.0909090909090909,0
"67",0.272727272727273,0,0.636363636363636,0.0909090909090909,0
"68",1,0,0,0,0
"69",1,0,0,0,0
"70",0.272727272727273,0,0.636363636363636,0.0909090909090909,0
"71",1,0,0,0,0
