"","A","C","G","T"
"0",1,0,0,0
"1",0.333333333333333,0.333333333333333,0.111111111111111,0.222222222222222
"2",0,0,1,0
"3",0.888888888888889,0.111111111111111,0,0
"4",0.888888888888889,0.111111111111111,0,0
"5",0.333333333333333,0.333333333333333,0.111111111111111,0.222222222222222
"6",0.888888888888889,0.111111111111111,0,0
"7",0.888888888888889,0.111111111111111,0,0
"8",0.888888888888889,0.111111111111111,0,0
"9",1,0,0,0
"10",0.888888888888889,0.111111111111111,0,0
"11",0.888888888888889,0.111111111111111,0,0
"12",1,0,0,0
"13",0,0,1,0
"14",0.888888888888889,0.111111111111111,0,0
"15",1,0,0,0
"16",1,0,0,0
"17",1,0,0,0
"18",1,0,0,0
"19",1,0,0,0
"20",1,0,0,0
"21",1,0,0,0
"22",1,0,0,0
"23",0.888888888888889,0.111111111111111,0,0
"24",1,0,0,0
"25",0.333333333333333,0.333333333333333,0.111111111111111,0.222222222222222
"26",1,0,0,0
"27",0,0,0,1
"28",0.888888888888889,0.111111111111111,0,0
"29",0.888888888888889,0.111111111111111,0,0
"30",1,0,0,0
"31",1,0,0,0
"32",0,0,1,0
"33",0.333333333333333,0.333333333333333,0.111111111111111,0.222222222222222
"34",0.888888888888889,0.111111111111111,0,0
"35",0.888888888888889,0.111111111111111,0,0
"36",0,0,1,0
"37",1,0,0,0
"38",0.888888888888889,0.111111111111111,0,0
"39",0.888888888888889,0.111111111111111,0,0
"40",0,0,0,1
"41",0.333333333333333,0.333333333333333,0.111111111111111,0.222222222222222
"42",0.888888888888889,0.111111111111111,0,0
"43",0,0,1,0
"44",0,0,1,0
"45",0.333333333333333,0.333333333333333,0.111111111111111,0.222222222222222
"46",0.888888888888889,0.111111111111111,0,0
"47",0.888888888888889,0.111111111111111,0,0
"48",0.888888888888889,0.111111111111111,0,0
"49",0.333333333333333,0.333333333333333,0.111111111111111,0.222222222222222
"50",0,0,0,1
"51",0.888888888888889,0.111111111111111,0,0
"52",1,0,0,0
"53",0,0,0,1
"54",0.888888888888889,0.111111111111111,0,0
"55",0.333333333333333,0.333333333333333,0.111111111111111,0.222222222222222
"56",0,0,0,1
"57",0.333333333333333,0.333333333333333,0.111111111111111,0.222222222222222
"58",1,0,0,0
"59",0,0,1,0
"60",0,0,1,0
"61",0,0,1,0
"62",0,0,1,0
"63",0.888888888888889,0.111111111111111,0,0
"64",0.888888888888889,0.111111111111111,0,0
"65",0.888888888888889,0.111111111111111,0,0
"66",0.888888888888889,0.111111111111111,0,0
"67",0.888888888888889,0.111111111111111,0,0
"68",0,0,1,0
"69",0,0,1,0
"70",0,0,1,0
"71",1,0,0,0
