"","A","C","G","T"
"0",0,0,0,1
"1",0.111111111111111,0.444444444444444,0.111111111111111,0.333333333333333
"2",0.111111111111111,0.444444444444444,0.111111111111111,0.333333333333333
"3",0,0.0769230769230769,0.846153846153846,0.0769230769230769
"4",0,0.0769230769230769,0.846153846153846,0.0769230769230769
"5",0,0,0,1
"6",0,0.0769230769230769,0.846153846153846,0.0769230769230769
"7",0,0.0769230769230769,0.846153846153846,0.0769230769230769
"8",0,0.0769230769230769,0.846153846153846,0.0769230769230769
"9",0,0,0,1
"10",0,0.0769230769230769,0.846153846153846,0.0769230769230769
"11",0,0.0769230769230769,0.846153846153846,0.0769230769230769
"12",0,0,0,1
"13",0,0,0,1
"14",0,0.0769230769230769,0.846153846153846,0.0769230769230769
"15",0,0,0,1
"16",0.111111111111111,0.444444444444444,0.111111111111111,0.333333333333333
"17",0,0,0,1
"18",0,0,0,1
"19",0,0,0,1
"20",0,0,0,1
"21",0,0,0,1
"22",0,0,0,1
"23",0,0.0769230769230769,0.846153846153846,0.0769230769230769
"24",0,0,0,1
"25",0,0,0,1
"26",0,0,0,1
"27",0,0.0769230769230769,0.846153846153846,0.0769230769230769
"28",0,0.0769230769230769,0.846153846153846,0.0769230769230769
"29",0,0.0769230769230769,0.846153846153846,0.0769230769230769
"30",0,0.0769230769230769,0.846153846153846,0.0769230769230769
"31",0,0,0,1
"32",0,0,0,1
"33",0.111111111111111,0.444444444444444,0.111111111111111,0.333333333333333
"34",0,0.0769230769230769,0.846153846153846,0.0769230769230769
"35",0,0.0769230769230769,0.846153846153846,0.0769230769230769
"36",1,0,0,0
"37",0,0.285714285714286,0.285714285714286,0.428571428571429
"38",0,0.0769230769230769,0.846153846153846,0.0769230769230769
"39",0,0.0769230769230769,0.846153846153846,0.0769230769230769
"40",1,0,0,0
"41",0,0,0,1
"42",0,0.0769230769230769,0.846153846153846,0.0769230769230769
"43",1,0,0,0
"44",1,0,0,0
"45",0,0,0,1
"46",0.111111111111111,0.444444444444444,0.111111111111111,0.333333333333333
"47",0.111111111111111,0.444444444444444,0.111111111111111,0.333333333333333
"48",0.111111111111111,0.444444444444444,0.111111111111111,0.333333333333333
"49",0.111111111111111,0.444444444444444,0.111111111111111,0.333333333333333
"50",1,0,0,0
"51",0.111111111111111,0.444444444444444,0.111111111111111,0.333333333333333
"52",0,0,0,1
"53",0.111111111111111,0.444444444444444,0.111111111111111,0.333333333333333
"54",0,0.0769230769230769,0.846153846153846,0.0769230769230769
"55",0.111111111111111,0.444444444444444,0.111111111111111,0.333333333333333
"56",0.111111111111111,0.444444444444444,0.111111111111111,0.333333333333333
"57",0.111111111111111,0.444444444444444,0.111111111111111,0.333333333333333
"58",0,0,0,1
"59",0.111111111111111,0.444444444444444,0.111111111111111,0.333333333333333
"60",0.111111111111111,0.444444444444444,0.111111111111111,0.333333333333333
"61",0.111111111111111,0.444444444444444,0.111111111111111,0.333333333333333
"62",0.111111111111111,0.444444444444444,0.111111111111111,0.333333333333333
"63",0,0.285714285714286,0.285714285714286,0.428571428571429
"64",0,0.0769230769230769,0.846153846153846,0.0769230769230769
"65",0,0.285714285714286,0.285714285714286,0.428571428571429
"66",0,0.0769230769230769,0.846153846153846,0.0769230769230769
"67",0,0.0769230769230769,0.846153846153846,0.0769230769230769
"68",0.111111111111111,0.444444444444444,0.111111111111111,0.333333333333333
"69",0.111111111111111,0.444444444444444,0.111111111111111,0.333333333333333
"70",0.111111111111111,0.444444444444444,0.111111111111111,0.333333333333333
"71",0,0.285714285714286,0.285714285714286,0.428571428571429
