"","A","C","G","R","T"
"0",0.0512820512820513,0.871794871794872,0.0512820512820513,0,0.0256410256410256
"1",0.0512820512820513,0.871794871794872,0.0512820512820513,0,0.0256410256410256
"2",0.0512820512820513,0.871794871794872,0.0512820512820513,0,0.0256410256410256
"3",0,0,0.111111111111111,0,0.888888888888889
"4",0.0512820512820513,0.871794871794872,0.0512820512820513,0,0.0256410256410256
"5",0.0512820512820513,0.871794871794872,0.0512820512820513,0,0.0256410256410256
"6",0,0,0.111111111111111,0,0.888888888888889
"7",0,0,0.111111111111111,0,0.888888888888889
"8",0,0,0.111111111111111,0,0.888888888888889
"9",0.0512820512820513,0.871794871794872,0.0512820512820513,0,0.0256410256410256
"10",0,0,0.111111111111111,0,0.888888888888889
"11",0,0,0.111111111111111,0,0.888888888888889
"12",0.0512820512820513,0.871794871794872,0.0512820512820513,0,0.0256410256410256
"13",0,0,0,0,1
"14",0,0,0.111111111111111,0,0.888888888888889
"15",0.0512820512820513,0.871794871794872,0.0512820512820513,0,0.0256410256410256
"16",0.692307692307692,0.0769230769230769,0.0769230769230769,0.0769230769230769,0.0769230769230769
"17",0.0512820512820513,0.871794871794872,0.0512820512820513,0,0.0256410256410256
"18",0.0512820512820513,0.871794871794872,0.0512820512820513,0,0.0256410256410256
"19",0.0512820512820513,0.871794871794872,0.0512820512820513,0,0.0256410256410256
"20",0.0512820512820513,0.871794871794872,0.0512820512820513,0,0.0256410256410256
"21",0.0512820512820513,0.871794871794872,0.0512820512820513,0,0.0256410256410256
"22",0.0512820512820513,0.871794871794872,0.0512820512820513,0,0.0256410256410256
"23",0.0512820512820513,0.871794871794872,0.0512820512820513,0,0.0256410256410256
"24",0.0512820512820513,0.871794871794872,0.0512820512820513,0,0.0256410256410256
"25",0.0512820512820513,0.871794871794872,0.0512820512820513,0,0.0256410256410256
"26",0.0512820512820513,0.871794871794872,0.0512820512820513,0,0.0256410256410256
"27",0,0,0,0,1
"28",0,0,0.111111111111111,0,0.888888888888889
"29",0,0,0.111111111111111,0,0.888888888888889
"30",0.0512820512820513,0.871794871794872,0.0512820512820513,0,0.0256410256410256
"31",0.0512820512820513,0.871794871794872,0.0512820512820513,0,0.0256410256410256
"32",0,0,0,0,1
"33",0.0512820512820513,0.871794871794872,0.0512820512820513,0,0.0256410256410256
"34",0,0,0.111111111111111,0,0.888888888888889
"35",0,0,0.111111111111111,0,0.888888888888889
"36",0.692307692307692,0.0769230769230769,0.0769230769230769,0.0769230769230769,0.0769230769230769
"37",0.0512820512820513,0.871794871794872,0.0512820512820513,0,0.0256410256410256
"38",0.0512820512820513,0.871794871794872,0.0512820512820513,0,0.0256410256410256
"39",0,0,0.111111111111111,0,0.888888888888889
"40",0.0512820512820513,0.871794871794872,0.0512820512820513,0,0.0256410256410256
"41",0,0,0,0,1
"42",0.0512820512820513,0.871794871794872,0.0512820512820513,0,0.0256410256410256
"43",0.692307692307692,0.0769230769230769,0.0769230769230769,0.0769230769230769,0.0769230769230769
"44",0.692307692307692,0.0769230769230769,0.0769230769230769,0.0769230769230769,0.0769230769230769
"45",0.0512820512820513,0.871794871794872,0.0512820512820513,0,0.0256410256410256
"46",0,0,0.111111111111111,0,0.888888888888889
"47",0,0,0.111111111111111,0,0.888888888888889
"48",0,0,0.111111111111111,0,0.888888888888889
"49",0.0512820512820513,0.871794871794872,0.0512820512820513,0,0.0256410256410256
"50",0.0512820512820513,0.871794871794872,0.0512820512820513,0,0.0256410256410256
"51",0,0,0.111111111111111,0,0.888888888888889
"52",0.0512820512820513,0.871794871794872,0.0512820512820513,0,0.0256410256410256
"53",0.692307692307692,0.0769230769230769,0.0769230769230769,0.0769230769230769,0.0769230769230769
"54",0,0,0.111111111111111,0,0.888888888888889
"55",0,0,0,0,1
"56",0.0512820512820513,0.871794871794872,0.0512820512820513,0,0.0256410256410256
"57",0,0,0,0,1
"58",0.0512820512820513,0.871794871794872,0.0512820512820513,0,0.0256410256410256
"59",0.0512820512820513,0.871794871794872,0.0512820512820513,0,0.0256410256410256
"60",0,0,0.111111111111111,0,0.888888888888889
"61",0,0,0.111111111111111,0,0.888888888888889
"62",0,0,0.111111111111111,0,0.888888888888889
"63",0.0512820512820513,0.871794871794872,0.0512820512820513,0,0.0256410256410256
"64",0,0,0.111111111111111,0,0.888888888888889
"65",0.0512820512820513,0.871794871794872,0.0512820512820513,0,0.0256410256410256
"66",0,0,0.111111111111111,0,0.888888888888889
"67",0,0,0.111111111111111,0,0.888888888888889
"68",0,0,0.111111111111111,0,0.888888888888889
"69",0,0,0.111111111111111,0,0.888888888888889
"70",0.0512820512820513,0.871794871794872,0.0512820512820513,0,0.0256410256410256
"71",0.0512820512820513,0.871794871794872,0.0512820512820513,0,0.0256410256410256
