"","A","C","G","T"
"0",0.976190476190476,0,0.0238095238095238,0
"1",0.976190476190476,0,0.0238095238095238,0
"2",0,0.307692307692308,0,0.692307692307692
"3",0,0.307692307692308,0,0.692307692307692
"4",0.976190476190476,0,0.0238095238095238,0
"5",0.976190476190476,0,0.0238095238095238,0
"6",0,0.307692307692308,0,0.692307692307692
"7",0,0.307692307692308,0,0.692307692307692
"8",0,0.307692307692308,0,0.692307692307692
"9",0.976190476190476,0,0.0238095238095238,0
"10",0,0.307692307692308,0,0.692307692307692
"11",0,0.307692307692308,0,0.692307692307692
"12",0.976190476190476,0,0.0238095238095238,0
"13",0,0,0.625,0.375
"14",0,0.307692307692308,0,0.692307692307692
"15",0.976190476190476,0,0.0238095238095238,0
"16",0.111111111111111,0,0,0.888888888888889
"17",0.976190476190476,0,0.0238095238095238,0
"18",0.976190476190476,0,0.0238095238095238,0
"19",0.976190476190476,0,0.0238095238095238,0
"20",0.976190476190476,0,0.0238095238095238,0
"21",0.976190476190476,0,0.0238095238095238,0
"22",0.976190476190476,0,0.0238095238095238,0
"23",0.976190476190476,0,0.0238095238095238,0
"24",0.976190476190476,0,0.0238095238095238,0
"25",0.976190476190476,0,0.0238095238095238,0
"26",0.976190476190476,0,0.0238095238095238,0
"27",0,0,0.625,0.375
"28",0,0.307692307692308,0,0.692307692307692
"29",0,0.307692307692308,0,0.692307692307692
"30",0,0.307692307692308,0,0.692307692307692
"31",0.976190476190476,0,0.0238095238095238,0
"32",0,0,0.625,0.375
"33",0.976190476190476,0,0.0238095238095238,0
"34",0,0.307692307692308,0,0.692307692307692
"35",0,0.307692307692308,0,0.692307692307692
"36",0.111111111111111,0,0,0.888888888888889
"37",0.976190476190476,0,0.0238095238095238,0
"38",0,0.307692307692308,0,0.692307692307692
"39",0,0.307692307692308,0,0.692307692307692
"40",0,0.307692307692308,0,0.692307692307692
"41",0,0,0.625,0.375
"42",0,0.307692307692308,0,0.692307692307692
"43",0.111111111111111,0,0,0.888888888888889
"44",0.111111111111111,0,0,0.888888888888889
"45",0.976190476190476,0,0.0238095238095238,0
"46",0,0.307692307692308,0,0.692307692307692
"47",0,0.307692307692308,0,0.692307692307692
"48",0,0.307692307692308,0,0.692307692307692
"49",0.976190476190476,0,0.0238095238095238,0
"50",0,0.307692307692308,0,0.692307692307692
"51",0,0.307692307692308,0,0.692307692307692
"52",0.976190476190476,0,0.0238095238095238,0
"53",0.111111111111111,0,0,0.888888888888889
"54",0,0.307692307692308,0,0.692307692307692
"55",0.976190476190476,0,0.0238095238095238,0
"56",0,0.307692307692308,0,0.692307692307692
"57",0,0,0.625,0.375
"58",0.976190476190476,0,0.0238095238095238,0
"59",0,0.307692307692308,0,0.692307692307692
"60",0,0,0.625,0.375
"61",0,0,0.625,0.375
"62",0,0,0.625,0.375
"63",0.976190476190476,0,0.0238095238095238,0
"64",0,0.307692307692308,0,0.692307692307692
"65",0.976190476190476,0,0.0238095238095238,0
"66",0,0.307692307692308,0,0.692307692307692
"67",0,0.307692307692308,0,0.692307692307692
"68",0,0,0.625,0.375
"69",0,0,0.625,0.375
"70",0,0.307692307692308,0,0.692307692307692
"71",0.976190476190476,0,0.0238095238095238,0
